0001 0056 0106 0099 0119 0216 0200 0209 0235 0325 0336 0354 0363 0427 0453 0478 0549 0583 0665 0643 0710 0732 0821 0811 0877 0902 0887 1008 0996 1024 1111 1116 1203 1232 1222 1370 1400 1376 1454 1435 1560 1564 1543 1709 1707 1801 1802 1828 1872 1939 1965 1948 1959 1983 2058 2088 2183 2184 2266 2285 2317 2301 2310 2336 2422 2443 2614 2605 2704 2662 2791 2886 2852 2882 2958 2987 3058 3107 3091 3070 3141 3178 3242 3279 3233 3296
0034 0014 0077 0149 0170 0180 0249 0331 0315 0337 0370 0481 0501 0511 0571 0605 0609 0633 0707 0718 0736 0759 0795 0750 0820 0882 0908 0930 0911 0918 0940 1095 1053 1121 1102 1109 1131 1214 1243 1304 1334 1401 1477 1437 1467 1534 1611 1644 1646 1672 1694 1675 1761 1835 1837 1858 1843 1865 1953 1976 1989 2049 2038 2123 2187 2178 2204 2226 2308 2385 2369 2395 2417 2547 2570 2592 2620 2642 2727 2715 2782 2774 2849 2873 2884 2953 2936 2961 3043 3072 3104 3129 3198 3231 3255 3266
0006 0013 0024 0088 0135 0157 0163 0214 0248 0299 0326 0311 0414 0418 0442 0499 0480 0603 0624 0608 0651 0716 0727 0749 0806 0871 0838 0900 0987 0991 0970 1136 1126 1200 1230 1240 1220 1282 1318 1390 1427 1436 1456 1508 1590 1542 1613 1693 1721 1706 1736 1911 1902 1869 1936 1927 2003 2070 2098 2128 2113 2218 2222 2253 2344 2341 2365 2419 2505 2507 2531 2595 2643 2673 2735 2719 2745 2832 2857 2824 2891 2971 2965 2993 3018 3108 3132 3157 3275
0050 0073 0142 0104 0162 0221 0282 0285 0265 0327 0373 0378 0428 0459 0485 0507 0584 0679 0649 0676 0698 0775 0783 0852 0881 0862 1016 0967 1041 1033 1098 1127 1157 1236 1223 1319 1399 1351 1422 1415 1480 1551 1617 1571 1594 1607 1667 1700 1730 1738 1807 1796 1933 1920 1951 1982 2051 2181 2155 2142 2208 2214 2313 2299 2326 2305 2329 2421 2481 2515 2519 2543 2567 2675 2630 2637 2659 2779 2788 2835 2868 2872 2899 2924 2979 3026 3059 3063 3090 3098 3166 3221 3252 3263
0061 0110 0095 0103 0125 0152 0243 0306 0266 0402 0443 0466 0476 0456 0518 0576 0580 0607 0664 0680 0647 0709 0761 0748 0804 0874 0859 0954 0938 1045 1065 1050 1107 1198 1191 1217 1242 1342 1320 1428 1431 1411 1473 1491 1513 1574 1606 1671 1769 1776 1764 1790 1815 1935 1919 1928 1954 1987 2124 2117 2194 2179 2244 2315 2303 2335 2358 2371 2436 2463 2498 2664 2706 2710 2689 2855 2845 2880 3046 3037 3137 3143 3126 3220 3280 3260
0004 0080 0082 0084 0094 0155 0212 0198 0225 0250 0283 0300 0343 0434 0487 0496 0449 0568 0604 0559 0629 0616 0639 0785 0791 0776 0851 0834 0952 0988 1018 0994 1087 1143 1134 1162 1192 1259 1358 1316 1326 1395 1451 1404 1558 1509 1581 1620 1637 1712 1746 1731 1766 1870 2041 2019 2062 2153 2114 2138 2239 2342 2279 2374 2375 2484 2461 2483 2534 2518 2499 2648 2652 2634 2805 2831 2800 2869 2854 2923 2998 2986 3106 3136 3110 3189 3179 3205 3226 3236 3300
0003 0065 0086 0137 0159 0173 0253 0205 0276 0332 0432 0366 0390 0401 0470 0512 0573 0662 0620 0686 0701 0770 0818 0855 0831 0892 0977 0968 0992 1120 1124 1106 1277 1268 1331 1360 1396 1420 1461 1483 1555 1540 1600 1652 1674 1799 1768 1831 1847 1932 1934 1997 2050 2092 2097 2154 2150 2213 2262 2295 2381 2384 2401 2452 2467 2491 2502 2571 2639 2669 2705 2660 2730 2784 2769 2827 2851 2921 3005 3030 3017 3042 3112 3173 3213 3182 3251 3234
0027 0053 0020 0181 0171 0202 0210 0279 0268 0362 0446 0474 0452 0543 0596 0638 0622 0685 0725 0793 0827 0803 0956 0947 0955 0982 0998 1021 1112 1081 1150 1201 1184 1195 1219 1267 1387 1424 1407 1440 1462 1524 1568 1596 1669 1710 1715 1762 1785 1798 1863 1885 1866 2002 1980 2044 2055 2073 2096 2146 2172 2197 2225 2247 2378 2424 2391 2411 2536 2573 2551 2618 2640 2646 2755 2712 2723 2747 2816 2778 2836 2875 2949 2932 3006 3061 3073 3149 3134 3199 3246 3291
0087 0070 0138 0123 0190 0234 0257 0270 0330 0352 0385 0472 0450 0520 0505 0578 0615 0642 0672 0692 0703 0764 0856 0904 0901 0923 0933 0961 1001 1031 1058 1080 1227 1237 1253 1301 1288 1250 1308 1347 1429 1446 1501 1457 1539 1615 1598 1684 1742 1824 1833 1786 1931 1941 1896 1966 1957 2100 2125 2206 2215 2168 2291 2275 2373 2330 2340 2404 2482 2466 2588 2597 2550 2671 2661 2756 2757 2809 2862 2945 2877 2973 3025 3014 3035 3045 3114 3128 3238 3243 3272 3256
0005 0057 0078 0143 0166 0179 0273 0260 0324 0313 0407 0391 0492 0477 0486 0544 0598 0582 0690 0671 0758 0796 0800 0928 0884 0917 0984 1010 1088 1079 1101 1159 1183 1283 1305 1315 1337 1402 1452 1492 1479 1441 1499 1521 1583 1638 1623 1631 1653 1703 1727 1851 1857 1842 1990 1964 2020 2005 2063 2130 2156 2217 2219 2245 2250 2271 2281 2350 2400 2457 2478 2514 2469 2539 2600 2610 2696 2698 2742 2808 2819 2837 2860 2896 2894 2942 2966 3084 3172 3174 3200 3222 3203 3210 3232
0059 0049 0112 0130 0191 0255 0240 0264 0358 0376 0447 0465 0484 0550 0606 0628 0705 0734 0767 0771 0798 0809 0835 0985 0978 0966 0974 1043 1027 1145 1129 1235 1233 1255 1367 1368 1323 1393 1383 1549 1535 1562 1585 1573 1599 1676 1701 1781 1779 1803 1813 1832 1912 1937 1922 1958 2022 2093 2060 2127 2158 2207 2259 2252 2423 2413 2441 2462 2472 2541 2574 2665 2670 2699 2683 2692 2718 2841 2858 2853 2947 2948 2989 3011 3069 3093 3191 3176 3278 3294
0032 0048 0113 0128 0204 0228 0355 0310 0320 0380 0393 0514 0519 0541 0551 0579 0663 0641 0708 0730 0699 0768 0807 0830 0843 0903 0931 0948 0995 1063 1057 1123 1151 1238 1216 1310 1266 1295 1380 1403 1416 1476 1498 1531 1618 1668 1663 1685 1654 1723 1759 1788 1853 1864 1882 1905 1955 1981 2006 2077 2131 2147 2176 2312 2286 2379 2362 2430 2415 2488 2575 2553 2580 2655 2733 2765 2768 2829 2823 2844 2881 2914 2977 3077 3089 3119 3095 3248 3239 3207
0002 0092 0140 0097 0241 0271 0231 0259 0291 0387 0406 0468 0454 0523 0575 0554 0618 0644 0669 0814 0845 0802 0812 0876 0924 0937 1017 0969 1040 1066 1122 1169 1210 1189 1212 1339 1324 1353 1386 1410 1530 1515 1544 1621 1645 1749 1744 1728 1737 1763 1884 1960 1898 1926 2037 2061 2232 2297 2353 2356 2408 2410 2431 2445 2512 2546 2623 2650 2667 2763 2781 2748 2810 2802 2887 2970 2975 2960 2968 2990 3079 3140 3150 3130 3192 3217 3259
0011 0105 0091 0107 0074 0136 0252 0272 0236 0262 0287 0405 0471 0469 0491 0566 0634 0626 0614 0700 0786 0788 0823 0864 0946 0951 1006 0990 1015 1090 1075 1103 1207 1263 1248 1314 1298 1366 1445 1470 1465 1550 1552 1603 1739 1713 1784 1791 1860 1901 1906 1975 2018 2010 2071 2104 2160 2216 2256 2257 2231 2298 2338 2368 2394 2418 2487 2569 2615 2582 2602 2613 2674 2720 2749 2885 2859 2951 2997 3002 3024 3034 3056 3146 3171 3131 3267 3241
0090 0115 0075 0211 0185 0232 0298 0346 0333 0295 0353 0375 0423 0451 0546 0502 0623 0613 0681 0737 0693 0777 0801 0842 0907 0935 0971 1002 1068 1148 1173 1158 1193 1294 1417 1349 1378 1497 1489 1557 1619 1635 1683 1655 1741 1743 1825 1820 1938 1978 2074 2029 2039 2099 2133 2241 2202 2320 2361 2456 2412 2485 2528 2554 2579 2612 2672 2714 2806 2773 2793 2803 2863 2906 2933 2963 3057 3145 3105 3168 3154 3223 3295
0035 0089 0156 0124 0146 0175 0199 0350 0360 0342 0513 0542 0570 0557 0581 0592 0661 0695 0763 0825 0799 0824 0848 0891 0915 1086 1137 1142 1130 1154 1165 1234 1338 1329 1296 1363 1394 1433 1502 1533 1589 1563 1588 1662 1673 1691 1714 1750 1705 1775 1883 1839 1909 1893 1969 2047 2069 2079 2101 2089 2236 2258 2227 2296 2280 2393 2511 2537 2647 2603 2635 2703 2729 2771 2856 2861 2897 2901 2962 3047 3052 3083 3068 3190 3201 3219 3250 3254 3285 3301
0030 0017 0044 0066 0079 0144 0224 0254 0230 0269 0334 0433 0417 0397 0563 0556 0586 0610 0689 0691 0712 0744 0774 0810 0840 0980 0964 0973 0999 1032 1171 1155 1164 1190 1224 1289 1321 1345 1356 1425 1493 1490 1580 1545 1720 1711 1678 1745 1783 1854 1876 1845 1914 1894 1918 2043 2032 2122 2132 2087 2157 2265 2221 2254 2321 2347 2425 2420 2489 2471 2581 2604 2724 2707 2737 2807 2866 2828 2850 2952 2999 3010 3028 3051 3087 3085 3124 3153 3183 3253 3302
0052 0054 0069 0133 0169 0197 0242 0226 0307 0309 0335 0384 0409 0394 0460 0525 0531 0552 0562 0631 0652 0717 0726 0816 0854 0872 1005 0943 1037 1038 1113 1138 1105 1172 1211 1246 1273 1299 1389 1442 1474 1496 1506 1487 1554 1593 1692 1648 1740 1726 1753 1859 1856 1878 1888 1916 1961 2017 2065 2011 2129 2209 2238 2260 2270 2251 2318 2364 2433 2414 2446 2468 2552 2584 2702 2790 2792 2818 2840 2821 2930 2980 3020 2964 2984 3081 3065 3125 3160 3218 3230 3297
0033 0062 0047 0148 0215 0201 0239 0303 0377 0413 0368 0438 0498 0500 0521 0530 0630 0660 0713 0702 0762 0828 0850 0861 0893 0953 1046 1062 1029 1091 1085 1146 1187 1286 1280 1291 1309 1332 1443 1414 1439 1505 1553 1634 1605 1695 1732 1756 1829 1814 1822 1844 1991 2026 2028 2054 2076 2057 2188 2171 2234 2283 2288 2339 2367 2503 2477 2529 2559 2585 2651 2684 2716 2746 2815 2888 2920 2903 2913 2938 3007 3117 3120 3142 3133 3228 3262
0051 0018 0038 0192 0151 0322 0357 0338 0345 0367 0400 0426 0510 0595 0597 0589 0666 0739 0720 0787 0817 0898 0909 0927 0950 0986 0941 1011 1147 1176 1197 1181 1163 1239 1313 1330 1388 1372 1397 1421 1486 1507 1517 1586 1612 1622 1641 1681 1771 1735 1812 1836 1907 1943 1973 1949 2067 2036 2105 2134 2164 2140 2224 2289 2276 2300 2311 2380 2533 2563 2572 2532 2556 2666 2633 2700 2738 2722 2786 2822 2847 2927 2879 2950 2982 3016 3187 3165 3208 3286 3264
0009 0060 0083 0100 0196 0174 0256 0274 0290 0381 0365 0398 0475 0574 0529 0536 0558 0591 0617 0755 0760 0745 0829 0880 0888 0910 0944 1013 1072 1077 1104 1125 1135 1204 1247 1365 1391 1434 1459 1523 1559 1514 1584 1661 1688 1677 1698 1708 1777 1852 1846 1873 1895 2004 1984 2046 2034 2056 2148 2177 2203 2269 2345 2382 2432 2429 2451 2494 2589 2594 2625 2587 2645 2731 2760 2751 2777 2799 2954 2908 2931 2944 3009 3031 3066 3162 3188 3212 3282 3287 3304
0029 0063 0039 0160 0153 0220 0246 0229 0312 0344 0411 0445 0421 0564 0569 0561 0590 0765 0756 0723 0790 0781 0857 0885 0912 0936 0965 1054 1074 1084 1144 1178 1182 1206 1281 1303 1272 1341 1418 1444 1412 1548 1522 1587 1660 1665 1687 1697 1719 1760 1787 1818 1838 1849 1910 1950 1986 2012 2078 2165 2193 2210 2242 2261 2302 2334 2360 2392 2510 2495 2525 2598 2638 2621 2656 2736 2688 2759 2752 2817 2890 2874 2883 2909 2943 3008 3121 3103 3169 3193 3215 3257
0012 0008 0081 0132 0121 0183 0150 0217 0237 0351 0379 0392 0473 0489 0537 0533 0704 0682 0742 0724 0895 0873 0916 1007 1061 1026 1051 1139 1161 1327 1317 1350 1374 1448 1578 1608 1582 1614 1656 1725 1770 1754 1733 1804 1840 1871 1962 1974 2045 2030 2064 2086 2195 2175 2237 2228 2314 2316 2399 2366 2428 2453 2486 2490 2517 2591 2624 2606 2636 2726 2743 2775 2893 2981 2983 3004 3032 3086 3099 3122 3135 3195 3184 3269
0036 0055 0040 0158 0147 0154 0176 0296 0305 0356 0403 0389 0416 0441 0483 0601 0627 0729 0740 0757 0789 0772 0865 0983 1009 1096 1083 1168 1170 1262 1264 1285 1270 1292 1379 1453 1455 1481 1503 1484 1569 1636 1625 1682 1704 1805 1795 1890 1963 1956 2023 2106 2084 2111 2141 2173 2249 2319 2346 2383 2386 2405 2440 2464 2493 2526 2549 2632 2653 2663 2732 2758 2741 2825 2996 2974 3013 3040 3064 3075 3144 3216 3244 3235 3303
0015 0101 0219 0245 0288 0348 0317 0386 0369 0464 0479 0504 0594 0553 0688 0728 0674 0792 0832 0899 0921 0890 0959 1035 1070 1110 1056 1174 1215 1279 1306 1336 1398 1406 1471 1482 1463 1532 1570 1639 1628 1689 1722 1765 1794 1930 1904 2016 2027 2008 2152 2136 2116 2282 2274 2354 2307 2473 2508 2492 2501 2527 2561 2626 2658 2682 2693 2762 2776 2842 2926 2946 2904 3021 3055 3039 3113 3148 3194 3277 3270 3258
0046 0071 0096 0165 0244 0297 0267 0293 0359 0399 0429 0495 0538 0560 0655 0656 0684 0766 0752 0780 0813 0837 0976 0962 0989 1019 1004 1067 1167 1153 1180 1205 1257 1312 1293 1300 1322 1382 1408 1485 1510 1537 1546 1572 1686 1680 1748 1782 1758 1848 1908 1942 1946 1970 1994 2102 2059 2080 2090 2159 2192 2223 2294 2372 2304 2388 2459 2513 2544 2548 2617 2628 2609 2678 2701 2686 2838 2794 2826 2917 2929 3023 3012 3019 3041 3115 3139 3185 3245 3281 3289 3261
0025 0031 0041 0108 0182 0187 0172 0281 0308 0383 0374 0341 0408 0424 0482 0509 0535 0625 0659 0670 0694 0794 0869 0878 0920 0925 0958 1012 1023 1089 1100 1118 1149 1186 1278 1284 1269 1348 1377 1409 1478 1519 1609 1566 1576 1640 1626 1780 1808 1809 1797 1862 1891 1921 1929 1998 2048 2033 2082 2182 2139 2235 2246 2264 2272 2309 2389 2444 2535 2500 2576 2641 2679 2657 2691 2767 2834 2864 2848 2878 2902 2992 3078 3080 3111 3094 3214 3249 3274
0028 0037 0019 0085 0134 0145 0168 0178 0208 0289 0339 0364 0444 0396 0467 0503 0565 0532 0599 0637 0673 0733 0769 0747 0879 0839 0975 0949 1039 1049 1030 1166 1140 1252 1218 1287 1328 1333 1423 1469 1475 1460 1538 1577 1601 1670 1632 1690 1755 1734 1900 1877 1972 1925 2091 2068 2112 2143 2211 2196 2205 2263 2397 2406 2359 2427 2449 2455 2564 2521 2599 2601 2627 2649 2739 2766 2744 2801 2922 2912 2978 2995 3062 3109 3102 3225 3206 3273 3265
0026 0043 0072 0141 0193 0280 0277 0323 0328 0415 0437 0420 0431 0455 0524 0555 0635 0587 0658 0645 0714 0751 0846 0847 0836 0905 0942 0972 1048 1034 1099 1133 1228 1229 1225 1290 1364 1426 1384 1450 1504 1561 1591 1567 1627 1647 1699 1773 1811 1821 1887 1917 1944 2015 2024 2013 2035 2162 2137 2161 2185 2201 2287 2323 2278 2348 2402 2387 2504 2516 2538 2562 2622 2695 2754 2728 2789 2787 2839 2895 2898 2928 2976 2994 3054 3088 3092 3116 3167 3204 3227 3299
0021 0131 0109 0164 0120 0206 0372 0349 0439 0425 0448 0461 0526 0548 0588 0754 0731 0826 0778 0849 0841 0867 0889 1044 0997 1064 1092 1114 1251 1260 1213 1276 1343 1392 1375 1385 1449 1466 1526 1541 1565 1624 1650 1724 1778 1830 1819 1880 1913 1952 2021 2052 2014 2072 2094 2144 2167 2180 2240 2230 2290 2333 2403 2434 2396 2454 2476 2523 2590 2558 2694 2668 2761 2783 2830 2798 2820 2907 2934 3003 2988 3036 3101 3127 3152 3209 3276
0022 0093 0111 0161 0194 0227 0251 0275 0258 0321 0382 0435 0430 0494 0547 0572 0678 0687 0640 0738 0746 0773 0782 0808 0897 0960 0979 1020 1047 1119 1196 1179 1209 1185 1274 1359 1361 1373 1354 1430 1458 1525 1512 1536 1547 1616 1649 1718 1702 1729 1817 1841 1867 1967 1996 2007 2075 2108 2135 2118 2200 2220 2324 2328 2352 2376 2426 2437 2460 2540 2530 2596 2583 2631 2717 2740 2753 2813 2804 2865 2956 2959 2940 3076 3050 3097 3196 3151 3159 3181 3284
0010 0023 0045 0129 0189 0223 0278 0261 0314 0412 0462 0488 0493 0506 0528 0653 0612 0711 0696 0721 0815 0833 0860 0929 0913 0934 1071 1073 1094 1082 1152 1226 1254 1245 1265 1275 1335 1369 1447 1432 1529 1520 1528 1579 1643 1602 1664 1657 1717 1751 1827 1875 1886 1940 1999 2025 1985 2121 2095 2166 2170 2199 2229 2351 2407 2447 2448 2474 2479 2524 2593 2578 2586 2608 2685 2780 2785 2812 2797 2876 2957 2935 3029 2985 3067 3147 3163 3211 3158 3224 3298
0064 0076 0102 0126 0195 0233 0301 0286 0294 0316 0395 0419 0522 0516 0527 0545 0654 0611 0621 0646 0715 0677 0735 0779 0945 0922 1014 1042 1025 1093 1078 1156 1194 1258 1244 1362 1346 1355 1381 1464 1488 1659 1658 1679 1850 1879 1868 1889 1899 1968 2001 2031 2151 2085 2109 2120 2189 2267 2248 2255 2277 2357 2337 2450 2475 2442 2509 2542 2616 2611 2680 2725 2709 2734 2770 2796 2867 2916 2900 2925 3000 3022 2991 3060 3044 3138 3197 3177 3268 3229 3288
0007 0117 0098 0186 0222 0177 0247 0302 0329 0340 0361 0371 0440 0458 0534 0602 0636 0683 0668 0722 0743 0753 0822 0875 0886 0957 0939 0963 1076 1141 1177 1132 1202 1302 1307 1340 1344 1371 1413 1438 1556 1597 1629 1747 1834 1874 1861 1823 1881 1903 2000 2042 2066 2040 2107 2191 2169 2198 2293 2284 2292 2332 2370 2435 2458 2439 2522 2577 2557 2619 2607 2629 2713 2814 2811 2833 2843 2871 2911 2941 2969 3027 3049 3096 3164 3155 3175 3186 3247
0042 0116 0118 0139 0127 0213 0238 0304 0347 0319 0388 0422 0490 0515 0540 0632 0657 0667 0648 0784 0853 0870 0896 0866 0932 1036 0993 1003 1028 1097 1059 1117 1199 1188 1261 1221 1357 1352 1518 1495 1633 1642 1595 1666 1651 1800 1806 1789 1816 1892 1945 1924 1995 1988 2053 2126 2110 2119 2145 2212 2268 2325 2355 2331 2416 2438 2506 2496 2520 2644 2677 2681 2708 2764 2772 2795 2870 2889 2910 2967 3033 3053 3074 3100 3156 3180 3202 3290
0058 0114 0067 0167 0184 0207 0284 0263 0318 0404 0463 0497 0457 0593 0567 0619 0650 0675 0741 0844 0805 0858 0919 0906 0868 0926 1060 1069 1022 1052 1128 1208 1160 1231 1311 1297 1468 1527 1511 1592 1575 1716 1752 1774 1757 1767 1792 1915 1971 1923 1947 1979 2103 2083 2163 2115 2186 2233 2322 2273 2349 2398 2363 2480 2470 2565 2566 2555 2676 2697 2690 2721 2915 2892 2919 2905 2937 3048 3015 3082 3161 3170 3123 3240 3283 3293
0016 0068 0122 0188 0218 0203 0292 0410 0436 0517 0539 0508 0577 0600 0585 0706 0697 0719 0797 0819 0863 0883 0894 0914 0981 1000 1055 1115 1108 1175 1256 1241 1249 1271 1325 1419 1405 1472 1494 1500 1516 1610 1604 1630 1696 1772 1810 1826 1793 1855 1897 1992 1993 1977 2009 2081 2190 2149 2174 2243 2343 2327 2306 2377 2409 2390 2465 2545 2497 2568 2560 2654 2687 2711 2750 2846 2918 2955 2972 2939 3001 3038 3118 3071 3237 3271 3292
